0.0	0.3335864222189231	
0.002002002002002002	0.3348736663730085	
0.004004004004004004	0.3361675223694725	
0.006006006006006006	0.3374679456750817	
0.008008008008008008	0.33877489320834925	
0.01001001001001001	0.3400883203701761	
0.012012012012012012	0.34140818446551185	
0.014014014014014014	0.34273444172494283	
0.016016016016016016	0.3440670469113212	
0.018018018018018018	0.3454059577791142	
0.02002002002002002	0.34675113005258834	
0.022022022022022022	0.34810252026889066	
0.024024024024024024	0.34946008438402354	
0.026026026026026026	0.3508237784142486	
0.028028028028028028	0.35219355894254184	
0.03003003003003003	0.35356938126848936	
0.03203203203203203	0.3549512016030328	
0.03403403403403403	0.3563389761686207	
0.036036036036036036	0.3577326603363738	
0.03803803803803804	0.3591322099106439	
0.04004004004004004	0.36053758097112576	
0.04204204204204204	0.3619487281855833	
0.044044044044044044	0.3633656070710088	
0.04604604604604605	0.364788173024395	
0.04804804804804805	0.3662163813985243	
0.050050050050050046	0.3676501869135448	
0.05205205205205205	0.36908954352513385	
0.05405405405405406	0.3705344070687563	
0.056056056056056056	0.3719847314650513	
0.058058058058058054	0.373440470673954	
0.06006006006006006	0.37490157942003943	
0.062062062062062065	0.3763680109715447	
0.06406406406406406	0.3778397197904451	
0.06606606606606606	0.379316659171987	
0.06806806806806806	0.3807987826227057	
0.07007007007007007	0.38228604345838957	
0.07207207207207207	0.3837783935300135	
0.07407407407407407	0.3852757870096748	
0.07607607607607608	0.38677817565716677	
0.07807807807807808	0.38828551161650765	
0.08008008008008008	0.38979774786605703	
0.08208208208208208	0.3913148355786509	
0.08408408408408408	0.39283672690839616	
0.08608608608608609	0.3943633724386959	
0.08808808808808809	0.3958947240675523	
0.09009009009009009	0.3974307328629332	
0.0920920920920921	0.39897134885428276	
0.0940940940940941	0.4005165231681807	
0.0960960960960961	0.4020662052692302	
0.0980980980980981	0.4036203454056219	
0.10010010010010009	0.40517889371159765	
0.1021021021021021	0.40674179926811743	
0.1041041041041041	0.40830901110557105	
0.1061061061061061	0.4098804779714302	
0.10810810810810811	0.411456149272534	
0.11011011011011011	0.4130359727158066	
0.11211211211211211	0.41461989654736436	
0.11411411411411411	0.416207868819757	
0.11611611611611611	0.41779983704627044	
0.11811811811811812	0.41939574846909183	
0.12012012012012012	0.42099554986696874	
0.12212212212212212	0.42259918864344087	
0.12412412412412413	0.42420661023677414	
0.12612612612612611	0.42581776180207803	
0.12812812812812813	0.42743258906391346	
0.13013013013013014	0.4290510371247576	
0.13213213213213212	0.4306730523807163	
0.13413413413413414	0.43229857896990753	
0.13613613613613612	0.43392756193731574	
0.13813813813813813	0.4355599456380706	
0.14014014014014015	0.43719567475196236	
0.14214214214214213	0.4388346934039627	
0.14414414414414414	0.4404769443305554	
0.14614614614614616	0.4421223716902943	
0.14814814814814814	0.4437709181347587	
0.15015015015015015	0.44542252698214374	
0.15215215215215216	0.44707714049459685	
0.15415415415415415	0.4487347011928961	
0.15615615615615616	0.45039515056937685	
0.15815815815815815	0.4520584308363621	
0.16016016016016016	0.4537244835018965	
0.16216216216216217	0.4553932487820305	
0.16416416416416416	0.45706466887135316	
0.16616616616616617	0.4587386836793284	
0.16816816816816815	0.4604152333499319	
0.17017017017017017	0.46209425829515904	
0.17217217217217218	0.4637756984870838	
0.17417417417417416	0.4654594929190795	
0.17617617617617617	0.46714558092092184	
0.1781781781781782	0.4688339019931292	
0.18018018018018017	0.4705243939977917	
0.18218218218218218	0.47221699662051775	
0.1841841841841842	0.47391164693514193	
0.18618618618618618	0.47560828321334336	
0.1881881881881882	0.4773068433799928	
0.19019019019019018	0.47900726497507173	
0.1921921921921922	0.48070948443568284	
0.1941941941941942	0.48241343910069595	
0.1961961961961962	0.4841190660278346	
0.1981981981981982	0.48582630082019757	
0.20020020020020018	0.4875350806778673	
0.2022022022022022	0.4892453408541912	
0.2042042042042042	0.49095701706418693	
0.2062062062062062	0.4926700446165447	
0.2082082082082082	0.49438435919916035	
0.21021021021021022	0.4960998952110529	
0.2122122122122122	0.4978165884000379	
0.21421421421421422	0.4995343726536807	
0.21621621621621623	0.5012531818410907	
0.2182182182182182	0.5029729510162471	
0.22022022022022023	0.5046936136992217	
0.2222222222222222	0.5064151031939872	
0.22422422422422422	0.5081373532655183	
0.22622622622622623	0.5098602975966379	
0.22822822822822822	0.5115838683079273	
0.23023023023023023	0.5133079991290406	
0.23223223223223222	0.5150326219505809	
0.23423423423423423	0.5167576698000781	
0.23623623623623624	0.5184830748523684	
0.23823823823823823	0.5202087693950177	
0.24024024024024024	0.5219346848174309	
0.24224224224224225	0.5236607535158947	
0.24424424424424424	0.5253869063693173	
0.24624624624624625	0.5271130750757177	
0.24824824824824826	0.528839191155145	
0.2502502502502503	0.5305651852939461	
0.25225225225225223	0.5322909884911281	
0.25425425425425424	0.5340165315439599	
0.25625625625625625	0.5357417451888271	
0.25825825825825827	0.5374665598536272	
0.2602602602602603	0.5391909059248565	
0.26226226226226224	0.5409147129884493	
0.26426426426426425	0.5426379123205903	
0.26626626626626626	0.5443604328972389	
0.2682682682682683	0.5460822046540663	
0.2702702702702703	0.5478031574254371	
0.27227227227227224	0.5495232211366465	
0.27427427427427425	0.5512423245032131	
0.27627627627627627	0.5529603977522608	
0.2782782782782783	0.5546773695694124	
0.2802802802802803	0.5563931697318423	
0.2822822822822823	0.5581077266292732	
0.28428428428428426	0.5598209696449774	
0.2862862862862863	0.5615328275125444	
0.2882882882882883	0.5632432294816473	
0.2902902902902903	0.5649521037273508	
0.2922922922922923	0.5666593801420013	
0.29429429429429427	0.5683649861355418	
0.2962962962962963	0.5700688506818882	
0.2982982982982983	0.5717709024741006	
0.3003003003003003	0.573471070507894	
0.3023023023023023	0.5751692825004543	
0.30430430430430433	0.5768654674246388	
0.3063063063063063	0.5785595531800474	
0.3083083083083083	0.5802514691046106	
0.3103103103103103	0.581941142715303	
0.3123123123123123	0.583628502624549	
0.31431431431431434	0.5853134772306797	
0.3163163163163163	0.5869959950811386	
0.3183183183183183	0.5886759842253854	
0.3203203203203203	0.5903533736213964	
0.32232232232232233	0.592028090772634	
0.32432432432432434	0.593700065028063	
0.3263263263263263	0.5953692242997813	
0.3283283283283283	0.5970354973000483	
0.3303303303303303	0.5986988123080444	
0.33233233233233234	0.600359098259693	
0.33433433433433435	0.6020162834991934	
0.3363363363363363	0.603670297011962	
0.3383383383383383	0.6053210668320191	
0.34034034034034033	0.6069685227672597	
0.34234234234234234	0.6086125929874342	
0.34434434434434436	0.6102532065436093	
0.34634634634634637	0.6118902925662836	
0.3483483483483483	0.613523780055208	
0.35035035035035034	0.6151535984956498	
0.35235235235235235	0.6167796772913341	
0.35435435435435436	0.6184019455324032	
0.3563563563563564	0.6200203326384011	
0.35835835835835833	0.6216347686886314	
0.36036036036036034	0.6232451833855673	
0.36236236236236236	0.6248515067746824	
0.36436436436436437	0.6264536681306917	
0.3663663663663664	0.6280515987832801	
0.3683683683683684	0.629645228238446	
0.37037037037037035	0.6312344873543986	
0.37237237237237236	0.6328193067108108	
0.3743743743743744	0.6343996171355224	
0.3763763763763764	0.6359753496837561	
0.3783783783783784	0.6375464355155918	
0.38038038038038036	0.6391128058391892	
0.38238238238238237	0.64067439230248	
0.3843843843843844	0.6422311266154803	
0.3863863863863864	0.6437829408160087	
0.3883883883883884	0.6453297671153261	
0.39039039039039036	0.6468715374486518	
0.3923923923923924	0.6484081850088925	
0.3943943943943944	0.6499396417470263	
0.3963963963963964	0.651465841456545	
0.3983983983983984	0.6529867168712508	
0.40040040040040037	0.6545022021388291	
0.4024024024024024	0.6560122305858826	
0.4044044044044044	0.6575167357722125	
0.4064064064064064	0.6590156529721715	
0.4084084084084084	0.6605089158858252	
0.41041041041041043	0.6619964596072526	
0.4124124124124124	0.663478219144319	
0.4144144144144144	0.66495412967509	
0.4164164164164164	0.6664241270409189	
0.4184184184184184	0.667888147384624	
0.42042042042042044	0.6693461265259013	
0.4224224224224224	0.6707980010908632	
0.4244244244244244	0.6722437079795632	
0.4264264264264264	0.6736831840503903	
0.42842842842842843	0.6751163670694528	
0.43043043043043044	0.6765431946953518	
0.43243243243243246	0.6779636053195177	
0.4344344344344344	0.679377536717592	
0.4364364364364364	0.6807849280864264	
0.43843843843843844	0.6821857187049503	
0.44044044044044045	0.6835798477818728	
0.44244244244244246	0.6849672553420276	
0.4444444444444444	0.6863478814568922	
0.44644644644644643	0.6877216667347293	
0.44844844844844844	0.6890885519530086	
0.45045045045045046	0.6904484785211527	
0.45245245245245247	0.6918013879864597	
0.4544544544544544	0.6931472227167683	
0.45645645645645644	0.6944859251693325	
0.45845845845845845	0.6958174376714955	
0.46046046046046046	0.6971417038921237	
0.4624624624624625	0.6984586675204825	
0.46446446446446443	0.6997682723852268	
0.46646646646646645	0.7010704632026047	
0.46846846846846846	0.7023651847680609	
0.47047047047047047	0.7036523823591242	
0.4724724724724725	0.7049320016188945	
0.4744744744744745	0.7062039890796303	
0.47647647647647645	0.7074682911256768	
0.47847847847847846	0.7087248546030762	
0.4804804804804805	0.7099736274091885	
0.4824824824824825	0.7112145570482984	
0.4844844844844845	0.7124475924654372	
0.48648648648648646	0.7136726822009564	
0.48848848848848847	0.7148897753909199	
0.4904904904904905	0.716098822158938	
0.4924924924924925	0.7172997727830758	
0.4944944944944945	0.7184925775350536	
0.4964964964964965	0.719677188070862	
0.4984984984984985	0.7208535558341922	
0.5005005005005005	0.7220216332073858	
0.5025025025025025	0.7231813725648834	
0.5045045045045045	0.7243327273258009	
0.5065065065065065	0.7254756511029407	
0.5085085085085085	0.7266100976009483	
0.5105105105105106	0.727736022156421	
0.5125125125125125	0.728853379040829	
0.5145145145145145	0.7299621249906134	
0.5165165165165165	0.7310622153881475	
0.5185185185185185	0.7321536072535492	
0.5205205205205206	0.7332362577667872	
0.5225225225225225	0.7343101243481551	
0.5245245245245245	0.7353751653296989	
0.5265265265265265	0.736431339939666	
0.5285285285285285	0.7374786070166562	
0.5305305305305306	0.7385169263373839	
0.5325325325325325	0.7395462586627543	
0.5345345345345345	0.7405665643279249	
0.5365365365365365	0.7415778056123215	
0.5385385385385385	0.7425799435809736	
0.5405405405405406	0.7435729414338151	
0.5425425425425425	0.7445567619041433	
0.5445445445445445	0.7455313687606023	
0.5465465465465466	0.7464967259708524	
0.5485485485485485	0.7474527986684982	
0.5505505505505506	0.7483995516066912	
0.5525525525525525	0.7493369509439649	
0.5545545545545546	0.7502649631187867	
0.5565565565565566	0.7511835546952593	
0.5585585585585585	0.7520926937946059	
0.5605605605605606	0.7529923478300311	
0.5625625625625625	0.7538824861575155	
0.5645645645645646	0.7547630773035051	
0.5665665665665666	0.7556340914371398	
0.5685685685685685	0.7564954988256551	
0.5705705705705706	0.7573472704406836	
0.5725725725725725	0.7581893774506929	
0.5745745745745746	0.7590217922867183	
0.5765765765765766	0.7598444876295933	
0.5785785785785785	0.7606574362742226	
0.5805805805805806	0.7614606122652655	
0.5825825825825826	0.7622539900706918	
0.5845845845845846	0.7630375442795836	
0.5865865865865866	0.7638112507813521	
0.5885885885885885	0.7645750852192363	
0.5905905905905906	0.7653290243260539	
0.5925925925925926	0.7660730458895568	
0.5945945945945946	0.7668071269499052	
0.5965965965965966	0.7675312466555823	
0.5985985985985985	0.7682453834925973	
0.6006006006006006	0.7689495168691978	
0.6026026026026026	0.7696436274161997	
0.6046046046046046	0.7703276955666329	
0.6066066066066066	0.771001702249591	
0.6086086086086087	0.7716656303140147	
0.6106106106106106	0.7723194611689613	
0.6126126126126126	0.7729631781726917	
0.6146146146146146	0.7735967652014116	
0.6166166166166166	0.7742202062269078	
0.6186186186186187	0.7748334857392707	
0.6206206206206206	0.7754365895344217	
0.6226226226226226	0.7760295030779841	
0.6246246246246246	0.776612213139855	
0.6266266266266266	0.7771847064681124	
0.6286286286286287	0.7777469710069701	
0.6306306306306306	0.7782989944563987	
0.6326326326326326	0.7788407661430592	
0.6346346346346347	0.7793722750220783	
0.6366366366366366	0.7798935108762295	
0.6386386386386387	0.7804044642997106	
0.6406406406406406	0.7809051265632493	
0.6426426426426426	0.7813954886149196	
0.6446446446446447	0.7818755431676682	
0.6466466466466466	0.7823452825590429	
0.6486486486486487	0.782804700309806	
0.6506506506506506	0.783253789901688	
0.6526526526526526	0.783692545995165	
0.6546546546546547	0.784120963231176	
0.6566566566566566	0.784539037096468	
0.6586586586586587	0.7849467637587653	
0.6606606606606606	0.7853441399030093	
0.6626626626626626	0.7857311619308601	
0.6646646646646647	0.7861078282062556	
0.6666666666666666	0.7864741366096051	
0.6686686686686687	0.7868300858136658	
0.6706706706706707	0.7871756750882537	
0.6726726726726726	0.7875109043824688	
0.6746746746746747	0.7878357737870267	
0.6766766766766766	0.7881502839936119	
0.6786786786786787	0.7884544367992191	
0.6806806806806807	0.7887482339052495	
0.6826826826826827	0.789031677453299	
0.6846846846846847	0.7893047705572167	
0.6866866866866866	0.7895675167224043	
0.6886886886886887	0.7898199197218648	
0.6906906906906907	0.7900619842575182	
0.6926926926926927	0.790293714909009	
0.6946946946946947	0.7905151175129824	
0.6966966966966966	0.7907261975819225	
0.6986986986986987	0.7909269619978633	
0.7007007007007007	0.791117417472996	
0.7027027027027027	0.7912975716058412	
0.7047047047047047	0.7914674320753071	
0.7067067067067067	0.7916270074079508	
0.7087087087087087	0.7917763067177386	
0.7107107107107107	0.7919153389614252	
0.7127127127127127	0.792044114063487	
0.7147147147147147	0.7921626425840511	
0.7167167167167167	0.7922709351527373	
0.7187187187187187	0.7923690029705635	
0.7207207207207207	0.7924568578123927	
0.7227227227227228	0.7925345117024986	
0.7247247247247247	0.7926019773442364	
0.7267267267267267	0.7926592677421618	
0.7287287287287287	0.7927063966889336	
0.7307307307307307	0.7927433778459565	
0.7327327327327328	0.7927702257475798	
0.7347347347347347	0.7927869548887402	
0.7367367367367368	0.792793580764179	
0.7387387387387387	0.7927901192774712	
0.7407407407407407	0.7927765861643206	
0.7427427427427428	0.7927529983625536	
0.7447447447447447	0.7927193724179299	
0.7467467467467468	0.7926757261038669	
0.7487487487487487	0.7926220768740534	
0.7507507507507507	0.7925584431417428	
0.7527527527527528	0.7924848431395197	
0.7547547547547547	0.7924012961774424	
0.7567567567567568	0.7923078218039387	
0.7587587587587588	0.7922044393129786	
0.7607607607607607	0.7920911693716017	
0.7627627627627628	0.7919680321800148	
0.7647647647647647	0.7918350489285313	
0.7667667667667668	0.7916922406814089	
0.7687687687687688	0.791539629193844	
0.7707707707707707	0.7913772367126138	
0.7727727727727728	0.7912050854550764	
0.7747747747747747	0.7910231984496795	
0.7767767767767768	0.7908315986140725	
0.7787787787787788	0.790630309836207	
0.7807807807807807	0.7904193554860396	
0.7827827827827828	0.7901987600973337	
0.7847847847847848	0.7899685481669214	
0.7867867867867868	0.7897287443751065	
0.7887887887887888	0.7894793743392687	
0.7907907907907907	0.7892204634569653	
0.7927927927927928	0.7889520377442678	
0.7947947947947948	0.788674123313648	
0.7967967967967968	0.788386746740997	
0.7987987987987988	0.7880899349830864	
0.8008008008008007	0.7877837153737801	
0.8028028028028028	0.7874681154436011	
0.8048048048048048	0.7871431629373468	
0.8068068068068068	0.7868088858699954	
0.8088088088088088	0.7864653129275101	
0.8108108108108109	0.7861124729529211	
0.8128128128128128	0.785750394996737	
0.8148148148148148	0.7853791083750449	
0.8168168168168168	0.7849986427633414	
0.8188188188188188	0.7846090281665059	
0.8208208208208209	0.7842102947011008	
0.8228228228228228	0.7838024734795194	
0.8248248248248248	0.7833855948468744	
0.8268268268268268	0.7829596901241858	
0.8288288288288288	0.7825247906069525	
0.8308308308308309	0.7820809281741384	
0.8328328328328328	0.7816281349808506	
0.8348348348348348	0.7811664430213823	
0.8368368368368369	0.780695884939833	
0.8388388388388388	0.7802164935742842	
0.8408408408408409	0.7797283020090177	
0.8428428428428428	0.7792313438950996	
0.8448448448448448	0.7787256526270577	
0.8468468468468469	0.778211262072571	
0.8488488488488488	0.7776882068372857	
0.8508508508508509	0.7771565186398379	
0.8528528528528528	0.7766161896150461	
0.8548548548548548	0.7760671798541833	
0.8568568568568569	0.7755094505816521	
0.8588588588588588	0.7749429645058973	
0.8608608608608609	0.7743676856421954	
0.8628628628628628	0.7737835793490173	
0.8648648648648649	0.7731906125303608	
0.8668668668668669	0.7725887531669254	
0.8688688688688688	0.7719779713122493	
0.8708708708708709	0.7713582374495297	
0.8728728728728729	0.7707295240606002	
0.8748748748748749	0.7700918050159803	
0.8768768768768769	0.7694450552595162	
0.8788788788788788	0.7687892514279173	
0.8808808808808809	0.7681243714078798	
0.8828828828828829	0.767450394281561	
0.8848848848848849	0.7667673010930391	
0.8868868868868869	0.766075073415589	
0.8888888888888888	0.7653736947251912	
0.8908908908908909	0.7646631500423032	
0.8928928928928929	0.76394342544485	
0.8948948948948949	0.7632145081911211	
0.8968968968968969	0.7624763872120972	
0.8988988988988988	0.7617290528342014	
0.9009009009009009	0.760972496535235	
0.9029029029029029	0.7602067111376871	
0.9049049049049049	0.7594316909918806	
0.9069069069069069	0.7586474316394648	
0.9089089089089089	0.7578539299688846	
0.9109109109109109	0.7570511841765494	
0.9129129129129129	0.7562391940117614	
0.914914914914915	0.7554179602084614	
0.9169169169169169	0.7545874848657	
0.9189189189189189	0.7537477716935119	
0.9209209209209209	0.7528988253580309	
0.9229229229229229	0.7520406517801289	
0.924924924924925	0.7511732586310756	
0.9269269269269269	0.7502966543370478	
0.9289289289289289	0.749410848857561	
0.9309309309309309	0.7485158533106234	
0.9329329329329329	0.7476116802975896	
0.934934934934935	0.746698343269279	
0.9369369369369369	0.745775857235237	
0.938938938938939	0.7448442383304227	
0.9409409409409409	0.743903503823348	
0.9429429429429429	0.7429536722878488	
0.944944944944945	0.741994763590434	
0.9469469469469469	0.7410267984641778	
0.948948948948949	0.740049799442471	
0.950950950950951	0.7390637894685482	
0.9529529529529529	0.7380687931050128	
0.954954954954955	0.7370648360339208	
0.9569569569569569	0.7360519451020311	
0.958958958958959	0.7350301478774282	
0.960960960960961	0.7339994737172151	
0.9629629629629629	0.7329599526073678	
0.964964964964965	0.7319116155930978	
0.9669669669669669	0.7308544953656392	
0.968968968968969	0.7297886249428178	
0.970970970970971	0.7287140388240064	
0.9729729729729729	0.7276307726545239	
0.974974974974975	0.7265388629031329	
0.9769769769769769	0.7254383470029419	
0.978978978978979	0.7243292635585685	
0.980980980980981	0.7232116522175671	
0.9829829829829829	0.7220855534832804	
0.984984984984985	0.7209510087450577	
0.986986986986987	0.7198080607574788	
0.988988988988989	0.7186567526667866	
0.990990990990991	0.7174971288835099	
0.992992992992993	0.7163292348057584	
0.994994994994995	0.7151531165280828	
0.996996996996997	0.7139688211299873	
0.998998998998999	0.7127763963838648	
1.001001001001001	0.711575891368832	
1.003003003003003	0.7103673555945547	
1.005005005005005	0.7091508394602833	
1.007007007007007	0.7079263945245692	
1.009009009009009	0.7066940727162845	
1.011011011011011	0.7054539268754499	
1.013013013013013	0.7042060107867266	
1.015015015015015	0.7029503787879663	
1.017017017017017	0.7016870861434261	
1.019019019019019	0.7004161886346486	
1.021021021021021	0.6991377429463276	
1.023023023023023	0.6978518063228162	
1.025025025025025	0.6965584367913839	
1.027027027027027	0.6952576929796024	
1.029029029029029	0.6939496342397369	
1.031031031031031	0.6926343203977565	
1.033033033033033	0.6913118120830779	
1.035035035035035	0.6899821704564487	
1.037037037037037	0.68864545716767	
1.039039039039039	0.6873017347059631	
1.0410410410410411	0.6859510656562532	
1.043043043043043	0.6845935137267165	
1.045045045045045	0.6832291426789975	
1.047047047047047	0.6818580170208117	
1.049049049049049	0.6804802014331199	
1.0510510510510511	0.6790957617103396	
1.053053053053053	0.6777047634001089	
1.055055055055055	0.6763072730027847	
1.057057057057057	0.6749033570581839	
1.059059059059059	0.673493082855033	
1.0610610610610611	0.6720765179263404	
1.063063063063063	0.6706537300533559	
1.065065065065065	0.6692247875451538	
1.067067067067067	0.667789759118742	
1.069069069069069	0.666348713711294	
1.0710710710710711	0.6649017206495371	
1.073073073073073	0.6634488491813169	
1.075075075075075	0.6619901696061984	
1.077077077077077	0.6605257517427533	
1.079079079079079	0.6590556660768789	
1.0810810810810811	0.6575799832277572	
1.083083083083083	0.6560987739935535	
1.085085085085085	0.6546121094863906	
1.087087087087087	0.653120060859427	
1.089089089089089	0.6516226995522192	
1.0910910910910911	0.6501200971575909	
1.093093093093093	0.6486123253711076	
1.095095095095095	0.6470994560703901	
1.097097097097097	0.6455815612123945	
1.0990990990990992	0.6440587128244132	
1.1011011011011012	0.6425309832188608	
1.103103103103103	0.6409984444392783	
1.105105105105105	0.6394611688786535	
1.107107107107107	0.6379192288414833	
1.1091091091091092	0.6363726965349635	
1.1111111111111112	0.6348216447309704	
1.1131131131131131	0.6332661453134715	
1.115115115115115	0.6317062711098456	
1.117117117117117	0.6301420942097067	
1.1191191191191192	0.6285736868814839	
1.1211211211211212	0.6270011216254384	
1.1231231231231231	0.6254244704586565	
1.125125125125125	0.6238438055758792	
1.127127127127127	0.622259198926219	
1.1291291291291292	0.6206707223455137	
1.1311311311311312	0.6190784479305307	
1.1331331331331331	0.6174824470165553	
1.135135135135135	0.6158827913989706	
1.137137137137137	0.6142795523007683	
1.1391391391391392	0.6126728009649431	
1.1411411411411412	0.6110626084866879	
1.1431431431431431	0.6094490457608515	
1.145145145145145	0.6078321833158731	
1.147147147147147	0.6062120917280089	
1.1491491491491492	0.6045888410377903	
1.1511511511511512	0.6029625013423028	
1.1531531531531531	0.6013331424337737	
1.155155155155155	0.5997008336859749	
1.157157157157157	0.5980656444152354	
1.1591591591591592	0.5964276436039254	
1.1611611611611612	0.5947868997147414	
1.1631631631631631	0.5931434813718552	
1.165165165165165	0.5914974565041891	
1.167167167167167	0.5898488928548263	
1.1691691691691692	0.588197857945338	
1.1711711711711712	0.5865444187513338	
1.1731731731731732	0.5848886420077072	
1.1751751751751751	0.5832305942580935	
1.177177177177177	0.5815703416509401	
1.1791791791791792	0.5799079494881696	
1.1811811811811812	0.5782434833662361	
1.1831831831831832	0.5765770081265601	
1.1851851851851851	0.5749085882479879	
1.187187187187187	0.5732382878612562	
1.1891891891891893	0.5715661708862471	
1.1911911911911912	0.5698923003839588	
1.1931931931931932	0.5682167392808364	
1.1951951951951951	0.5665395501475285	
1.197197197197197	0.5648607948859683	
1.1991991991991993	0.5631805352053647	
1.2012012012012012	0.5614988321082722	
1.2032032032032032	0.5598157463554594	
1.2052052052052051	0.558131338172169	
1.207207207207207	0.5564456672589997	
1.2092092092092093	0.5547587928453095	
1.2112112112112112	0.5530707739717909	
1.2132132132132132	0.551381668833697	
1.2152152152152151	0.5496915351107762	
1.2172172172172173	0.5480004302219503	
1.2192192192192193	0.5463084110955707	
1.2212212212212212	0.5446155340664061	
1.2232232232232232	0.5429218549021596	
1.2252252252252251	0.5412274290009152	
1.2272272272272273	0.539532311026815	
1.2292292292292293	0.5378365553822124	
1.2312312312312312	0.5361402159041353	
1.2332332332332332	0.5344433456436957	
1.2352352352352352	0.5327459972841786	
1.2372372372372373	0.5310482231647833	
1.2392392392392393	0.5293500749248816	
1.2412412412412412	0.527651603537181	
1.2432432432432432	0.5259528595828077	
1.2452452452452452	0.5242538930013269	
1.2472472472472473	0.5225547534337789	
1.2492492492492493	0.5208554896273838	
1.2512512512512513	0.5191561500169838	
1.2532532532532532	0.5174567822599853	
1.2552552552552552	0.5157574336261292	
1.2572572572572573	0.5140581509157434	
1.2592592592592593	0.5123589801489379	
1.2612612612612613	0.5106599669032179	
1.2632632632632632	0.5089611560857161	
1.2652652652652652	0.5072625923266909	
1.2672672672672673	0.5055643192377869	
1.2692692692692693	0.503866380060068	
1.2712712712712713	0.5021688177480643	
1.2732732732732732	0.500471674363621	
1.2752752752752752	0.498774991399239	
1.2772772772772774	0.4970788098814291	
1.2792792792792793	0.4953831702178758	
1.2812812812812813	0.49368811237608184	
1.2832832832832832	0.49199367540131383	
1.2852852852852852	0.49029989819098424	
1.2872872872872874	0.4886068188253558	
1.2892892892892893	0.4869144748887674	
1.2912912912912913	0.4852229033057996	
1.2932932932932932	0.483532140547444	
1.2952952952952952	0.4818422224728991	
1.2972972972972974	0.48015318421243613	
1.2992992992992993	0.478465060537988	
1.3013013013013013	0.47677788563677426	
1.3033033033033032	0.47509169287081676	
1.3053053053053052	0.47340651544456114	
1.3073073073073074	0.4717223855935094	
1.3093093093093093	0.4700393352324697	
1.3113113113113113	0.4683573956147618	
1.3133133133133132	0.4666765975024422	
1.3153153153153152	0.46499697096329107	
1.3173173173173174	0.4633185455703558	
1.3193193193193193	0.4616413504101857	
1.3213213213213213	0.45996541390768	
1.3233233233233233	0.45829076383545325	
1.3253253253253252	0.45661742770158625	
1.3273273273273274	0.4549454321785715	
1.3293293293293293	0.4532748034979974	
1.3313313313313313	0.45160556735826024	
1.3333333333333333	0.4499377488066715	
1.3353353353353352	0.4482713724392832	
1.3373373373373374	0.44660646240130875	
1.3393393393393394	0.4449430418447518	
1.3413413413413413	0.4432811339387865	
1.3433433433433433	0.4416207610057352	
1.3453453453453452	0.4399619448157842	
1.3473473473473474	0.4383047068443119	
1.3493493493493494	0.4366490676171244	
1.3513513513513513	0.4349950474020558	
1.3533533533533533	0.4333426660662989	
1.3553553553553555	0.43169194257014964	
1.3573573573573574	0.43004289562204207	
1.3593593593593594	0.42839555072076135	
1.3613613613613613	0.4267499527506031	
1.3633633633633633	0.4251061495309869	
1.3653653653653655	0.42346418808116537	
1.3673673673673674	0.42182411542528453	
1.3693693693693694	0.42018597822371645	
1.3713713713713713	0.41854982259829104	
1.3733733733733733	0.4169156946239989	
1.3753753753753755	0.4152836397845288	
1.3773773773773774	0.4136537033736781	
1.3793793793793794	0.4120259301886596	
1.3813813813813813	0.41040036473948516	
1.3833833833833833	0.4087770511937318	
1.3853853853853855	0.40715603315626364	
1.3873873873873874	0.4055373541237583	
1.3893893893893894	0.40392105690482927	
1.3913913913913913	0.40230718411437955	
1.3933933933933933	0.4006957778324167	
1.3953953953953955	0.39908687983281255	
1.3973973973973974	0.39748053138418915	
1.3993993993993994	0.39587677338142463	
1.4014014014014013	0.39427564625094585	
1.4034034034034033	0.39267718995621415	
1.4054054054054055	0.3910814441936889	
1.4074074074074074	0.3894884479583824	
1.4094094094094094	0.38789824005169316	
1.4114114114114114	0.38631085859572983	
1.4134134134134133	0.3847263414244331	
1.4154154154154155	0.3831447257300522	
1.4174174174174174	0.3815660485047449	
1.4194194194194194	0.3799903459941874	
1.4214214214214214	0.37841765421831175	
1.4234234234234233	0.3768480084811996	
1.4254254254254255	0.3752814438745026	
1.4274274274274275	0.37371799471063943	
1.4294294294294294	0.37215769515618863	
1.4314314314314314	0.37060057847872246	
1.4334334334334333	0.3690466779325705	
1.4354354354354355	0.36749602585451974	
1.4374374374374375	0.3659486544002877	
1.4394394394394394	0.3644045949775688	
1.4414414414414414	0.3628638787506517	
1.4434434434434433	0.36132653616734633	
1.4454454454454455	0.3597925973929304	
1.4474474474474475	0.3582620917782198	
1.4494494494494494	0.35673504857932814	
1.4514514514514514	0.35521149613924197	
1.4534534534534533	0.3536914626334476	
1.4554554554554555	0.3521749755072025	
1.4574574574574575	0.35066206186041304	
1.4594594594594594	0.3491527481969953	
1.4614614614614614	0.34764706049743893	
1.4634634634634633	0.3461450243641422	
1.4654654654654655	0.34464666468700206	
1.4674674674674675	0.3431520060729994	
1.4694694694694694	0.34166107248004235	
1.4714714714714714	0.34017388744615906	
1.4734734734734736	0.33869047401270536	
1.4754754754754755	0.33721085454483596	
1.4774774774774775	0.33573505118187685	
1.4794794794794794	0.3342630852626885	
1.4814814814814814	0.3327949779477638	
1.4834834834834836	0.33133074966718123	
1.4854854854854855	0.3298704204250567	
1.4874874874874875	0.3284140097928606	
1.4894894894894894	0.3269615366817924	
1.4914914914914914	0.3255130196551448	
1.4934934934934936	0.32406847688449913	
1.4954954954954955	0.3226279257375678	
1.4974974974974975	0.32119138340296666	
1.4994994994994995	0.31975886638276035	
1.5015015015015014	0.3183303908002373	
1.5035035035035036	0.3169059723781818	
1.5055055055055055	0.31548562612135644	
1.5075075075075075	0.3140693667863715	
1.5095095095095095	0.3126572085741193	
1.5115115115115114	0.3112491651588167	
1.5135135135135136	0.3098452498427827	
1.5155155155155156	0.30844547552639157	
1.5175175175175175	0.3070498543915083	
1.5195195195195195	0.30565839843198767	
1.5215215215215214	0.3042711190691025	
1.5235235235235236	0.3028880272357874	
1.5255255255255256	0.3015091335316726	
1.5275275275275275	0.3001344480541143	
1.5295295295295295	0.29876398033023666	
1.5315315315315314	0.29739773969315586	
1.5335335335335336	0.2960357349561181	
1.5355355355355356	0.2946779742935868	
1.5375375375375375	0.2933244657508961	
1.5395395395395395	0.2919752168244583	
1.5415415415415414	0.2906302345578148	
1.5435435435435436	0.2892895255278909	
1.5455455455455456	0.2879530961125903	
1.5475475475475475	0.286620952108135	
1.5495495495495495	0.2852930989060661	
1.5515515515515514	0.2839695414929067	
1.5535535535535536	0.2826502846034919	
1.5555555555555556	0.28133533248447584	
1.5575575575575575	0.2800246888394024	
1.5595595595595595	0.2787183571813742	
1.5615615615615615	0.27741634066319476	
1.5635635635635636	0.2761186419170212	
1.5655655655655656	0.27482526326355944	
1.5675675675675675	0.27353620666003514	
1.5695695695695695	0.2722514737289988	
1.5715715715715715	0.2709710656526188	
1.5735735735735736	0.26969498330577046	
1.5755755755755756	0.2684232272175573	
1.5775775775775776	0.267155797522993	
1.5795795795795795	0.26589269409068395	
1.5815815815815815	0.2646339163791581	
1.5835835835835836	0.26337946346982055	
1.5855855855855856	0.2621293341884412	
1.5875875875875876	0.260883527082899	
1.5895895895895895	0.2596420402129992	
1.5915915915915915	0.2584048715009427	
1.5935935935935936	0.2571720184361459	
1.5955955955955956	0.2559434780929436	
1.5975975975975976	0.2547192474902073	
1.5995995995995995	0.25349932324629865	
1.6016016016016015	0.2522837015635203	
1.6036036036036037	0.25107237850350533	
1.6056056056056056	0.24986534973193586	
1.6076076076076076	0.24866261063254463	
1.6096096096096095	0.24746415634109215	
1.6116116116116117	0.24626998178622078	
1.6136136136136137	0.24508008146928414	
1.6156156156156156	0.24389444974299573	
1.6176176176176176	0.24271308061877872	
1.6196196196196195	0.2415359678643057	
1.6216216216216217	0.2403631050537975	
1.6236236236236237	0.23919448533443052	
1.6256256256256256	0.23803010182188272	
1.6276276276276276	0.23686994722351593	
1.6296296296296295	0.2357140140789733	
1.6316316316316317	0.23456229468619494	
1.6336336336336337	0.2334147810711273	
1.6356356356356356	0.23227146503823323	
1.6376376376376376	0.2311323381827903	
1.6396396396396395	0.22999739185546764	
1.6416416416416417	0.22886661724837395	
1.6436436436436437	0.2277400052309565	
1.6456456456456456	0.2266175465485631	
1.6476476476476476	0.22549923170012168	
1.6496496496496496	0.2243850510076749	
1.6516516516516517	0.2232749945173727	
1.6536536536536537	0.22216905218412922	
1.6556556556556556	0.22106721369905144	
1.6576576576576576	0.21996946855232924	
1.6596596596596596	0.2188758061580786	
1.6616616616616617	0.2177862155550443	
1.6636636636636637	0.21670068582606866	
1.6656656656656657	0.2156192056951354	
1.6676676676676676	0.21454176383706672	
1.6696696696696696	0.21346834860320202	
1.6716716716716717	0.21239894839878853	
1.6736736736736737	0.21133355123988487	
1.6756756756756757	0.2102721451986763	
1.6776776776776776	0.2092147179816917	
1.6796796796796796	0.20816125732859417	
1.6816816816816818	0.2071117506978635	
1.6836836836836837	0.20606618546124744	
1.6856856856856857	0.20502454879224324	
1.6876876876876876	0.20398682785674047	
1.6896896896896896	0.20295300952302123	
1.6916916916916918	0.20192308067079198	
1.6936936936936937	0.2008970278721531	
1.6956956956956957	0.1998748377569927	
1.6976976976976976	0.19885649667024877	
1.6996996996996996	0.1978419910320031	
1.7017017017017018	0.19683130692138376	
1.7037037037037037	0.19582443045562878	
1.7057057057057057	0.1948213475585791	
1.7077077077077076	0.19382204409204423	
1.7097097097097096	0.1928265057615672	
1.7117117117117118	0.1918347182230526	
1.7137137137137137	0.1908466669688946	
1.7157157157157157	0.18986233739664093	
1.7177177177177176	0.18888171491932743	
1.7197197197197196	0.1879047847103823	
1.7217217217217218	0.18693153197687243	
1.7237237237237237	0.18596194171212996	
1.7257257257257257	0.18499599882863355	
1.7277277277277276	0.18403369057760716	
1.7297297297297298	0.18307501804133638	
1.7317317317317318	0.1821199865091145	
1.7337337337337337	0.18116860083694344	
1.7357357357357357	0.180220865625624	
1.7377377377377377	0.179276785057025	
1.7397397397397398	0.1783363629199586	
1.7417417417417418	0.17739960269934135	
1.7437437437437437	0.1764665075176191	
1.7457457457457457	0.17553708012303265	
1.7477477477477477	0.17461132296568085	
1.7497497497497498	0.17368923809123932	
1.7517517517517518	0.17277082727544182	
1.7537537537537538	0.17185609195481721	
1.7557557557557557	0.1709450331728119	
1.7577577577577577	0.17003765171554924	
1.7597597597597598	0.1691339480773716	
1.7617617617617618	0.16823392231415163	
1.7637637637637638	0.1673375742819838	
1.7657657657657657	0.16644490353799835	
1.7677677677677677	0.1655559092264276	
1.7697697697697699	0.16467059030522388	
1.7717717717717718	0.16378894540786024	
1.7737737737737738	0.16291097282221811	
1.7757757757757757	0.16203667061737928	
1.7777777777777777	0.16116603653755623	
1.7797797797797799	0.16029906808319086	
1.7817817817817818	0.1594357624403967	
1.7837837837837838	0.15857611659054782	
1.7857857857857857	0.15772012717147685	
1.7877877877877877	0.15686779059785666	
1.7897897897897899	0.1560191030109158	
1.7917917917917918	0.1551740603563656	
1.7937937937937938	0.1543326582285818	
1.7957957957957957	0.15349489202063618	
1.7977977977977977	0.152660756977362	
1.7997997997997999	0.15183024795133482	
1.8018018018018018	0.15100335963460854	
1.8038038038038038	0.15018008651224055	
1.8058058058058057	0.14936042281019996	
1.8078078078078077	0.14854436252097628	
1.8098098098098099	0.14773189944688195	
1.8118118118118118	0.14692302714532554	
1.8138138138138138	0.14611773899865915	
1.8158158158158157	0.14531602818226044	
1.8178178178178177	0.14451788761741555	
1.8198198198198199	0.14372331007451652	
1.8218218218218218	0.14293228808576072	
1.8238238238238238	0.14214481407401855	
1.8258258258258258	0.14136088017711346	
1.8278278278278277	0.1405804783940105	
1.82982982982983	0.13980360053981764	
1.8318318318318318	0.13903023824168412	
1.8338338338338338	0.13826038296754314	
1.8358358358358358	0.1374940260248908	
1.8378378378378377	0.13673115850760184	
1.83983983983984	0.13597177139791577	
1.8418418418418419	0.13521585547960666	
1.8438438438438438	0.13446340140022325	
1.8458458458458458	0.1337143996275164	
1.8478478478478477	0.13296884056045455	
1.84984984984985	0.13222671434410943	
1.8518518518518519	0.1314880110487577	
1.8538538538538538	0.13075272056688994	
1.8558558558558558	0.13002083269440473	
1.8578578578578577	0.12929233707225443	
1.85985985985986	0.12856722318194883	
1.8618618618618619	0.12784548045239957	
1.8638638638638638	0.12712709809860476	
1.8658658658658658	0.12641206528292354	
1.867867867867868	0.12570037103353318	
1.86986986986987	0.12499200425254821	
1.8718718718718719	0.12428695373937391	
1.8738738738738738	0.12358520816662945	
1.8758758758758758	0.12288675610969879	
1.877877877877878	0.12219158608197261	
1.87987987987988	0.12149968643968698	
1.8818818818818819	0.12081104545235151	
1.8838838838838838	0.12012565132228127	
1.8858858858858858	0.11944349214310618	
1.887887887887888	0.11876455590983813	
1.88988988988989	0.1180888305596773	
1.8918918918918919	0.1174163039182614	
1.8938938938938938	0.11674696373571766	
1.8958958958958958	0.1160807977161623	
1.897897897897898	0.11541779342517472	
1.8998998998999	0.11475793842075017	
1.901901901901902	0.11410122014247566	
1.9039039039039038	0.11344762598865686	
1.9059059059059058	0.1127971432801944	
1.907907907907908	0.11214975926667203	
1.90990990990991	0.11150546117856538	
1.911911911911912	0.11086423612875969	
1.9139139139139139	0.11022607120941813	
1.9159159159159158	0.10959095345641547	
1.917917917917918	0.10895886984033731	
1.91991991991992	0.10832980732078341	
1.921921921921922	0.10770375270577368	
1.9239239239239239	0.10708069291214066	
1.9259259259259258	0.10646061469450482	
1.927927927927928	0.10584350478729565	
1.92992992992993	0.10522934993305438	
1.931931931931932	0.1046181367919054	
1.9339339339339339	0.10400985199907987	
1.9359359359359358	0.10340448218236503	
1.937937937937938	0.10280201389790918	
1.93993993993994	0.10220243369689812	
1.941941941941942	0.10160572810951658	
1.9439439439439439	0.10101188361393626	
1.9459459459459458	0.10042088667118378	
1.947947947947948	0.09983272372989938	
1.94994994994995	0.09924738122563768	
1.951951951951952	0.09866484555710195	
1.9539539539539539	0.09808510313140573	
1.9559559559559558	0.09750814031789931	
1.957957957957958	0.09693394343347288	
1.95995995995996	0.09636249888498928	
1.961961961961962	0.09579379296949299	
1.9639639639639639	0.09522781203113206	
1.9659659659659658	0.09466454239304092	
1.967967967967968	0.0941039703528532	
1.96996996996997	0.09354608222887405	
1.971971971971972	0.09299086433802851	
1.973973973973974	0.09243830297511725	
1.9759759759759759	0.09188838442755862	
1.977977977977978	0.09134109499409646	
1.97997997997998	0.09079642100811022	
1.981981981981982	0.09025434877641218	
1.983983983983984	0.08971486458887157	
1.985985985985986	0.0891779547724104	
1.987987987987988	0.08864360566105695	
1.98998998998999	0.08811180356976582	
1.991991991991992	0.08758253484817831	
1.993993993993994	0.0870557858790768	
1.995995995995996	0.08653154297748082	
1.997997997997998	0.08600979254127673	
2.0	0.08549052097955809	
