1.366681918892602932e+00
8.697012837393613971e-01
7.511373539396432042e-01
1.215106320081889457e+00
4.728608807079041076e-01
3.719138985386382656e-01
9.045855063856363953e-01
1.343082867382863865e+00
3.955424514192585339e-01
2.543137122910505421e-01
9.457947334735659073e-01
2.395337837212178078e-01
1.971007258641979121e+00
8.593590982100038911e-01
7.715925217943154779e-01
9.383688656379788329e-01
8.640114059960882775e-01
5.952200895412215198e-01
1.260172052457019909e+00
1.644269934687448975e-01
1.829000980331092707e+00
1.166641479872784437e+00
4.623499236506404819e-01
9.752593758801214596e-01
3.212849551889986888e-01
7.296293281807579856e-01
8.779598505593986246e-01
4.379735452469913914e-01
1.196051814260383761e+00
6.588451498553065111e-01
1.859711978519581477e+00
5.899914619785381342e-01
8.414833517949564801e-01
4.301859906941096212e-01
1.016596365382646194e+00
5.464762850403888095e-01
1.001957497537792730e+00
8.874688199516860276e-01
6.423723221321867571e-01
1.385944330525866075e+00
6.835600693432072328e-01
2.820896887846993661e-01
1.117349394805854379e+00
7.031408481744231276e-01
1.024152793900777736e+00
2.087875696000933146e-01
3.137262551236067454e-01
1.087548042627671352e+00
4.283843956369143280e-01
8.511648287731935492e-01
9.790678247326671801e-01
3.127747097110158275e-02
1.307521942714278351e+00
4.667434727495862190e-01
6.550335058093332830e-01
5.029008281989606477e-01
5.466569844439880255e-01
7.441750075323443347e-01
4.379497334782634366e-01
9.168934169834972447e-01
1.377526597976597822e+00
1.038295930016817525e+00
1.689578920145618834e+00
8.034961633550466997e-01
8.180752502339891929e-01
6.247454131058286508e-01
9.464281687208797589e-01
1.370603419471976503e+00
1.450538589183276050e+00
7.245123331357999907e-01
9.498840212348369505e-01
3.713977214155568252e-01
4.919210129113078533e-01
1.281176392151045063e+00
5.531809939254777042e-01
5.755652533152566530e-01
1.575000381848401521e+00
6.295604011256711319e-01
5.756087970970602541e-01
1.237955219320438394e+00
9.703920115759102627e-01
8.858994251581039370e-01
7.362014103440042145e-01
5.477950487063947271e-01
4.500657185585406617e-01
1.187449382490559868e+00
5.437748441916867570e-01
9.635530640220412169e-01
1.255823034425401108e+00
8.748479976061100949e-01
3.760985094621578373e-01
9.846312665487894078e-01
1.926921690466527393e+00
2.084719040293765424e-01
3.467138107116193857e-01
1.608305119065226663e+00
1.073386871184363045e+00
7.814343730410031608e-01
5.778526157701018295e-01
5.793745972313492365e-02
1.321416405603444089e+00
9.646618437752310093e-01
1.535049196045240150e+00
1.838835518245794387e-01
2.789798980619089264e-01
9.926060286083193684e-01
3.157180210667518416e-01
1.698542041613549047e+00
1.412524130412286860e+00
4.058693956176225859e-01
1.502777670650317532e+00
9.167214215554050361e-01
1.834102477230558359e-01
8.206259596338157103e-02
1.862141873989386465e+00
9.336216388709518421e-01
8.646016141921750719e-01
4.690371609931414110e-01
2.192131898265905210e-01
1.661173847376789192e+00
5.055321195214554919e-01
8.332970312146763536e-01
1.103140787479175433e+00
1.090794491569793134e+00
5.457839617581969893e-01
1.304924316713251375e+00
1.062586886596700975e+00
4.052211407844136248e-01
4.274893090675943030e-01
7.711836671994799497e-01
2.247371237228469321e-01
1.107323650607333176e+00
4.834133654705889960e-01
4.616986386312519342e-01
1.897404544560069850e-01
1.175847097592848112e+00
2.866398907734525325e-01
1.340825406220308658e+00
4.577479014118492895e-01
1.609282774518162151e+00
4.442562534290520615e-01
1.193030428432272361e+00
6.878564844445855808e-01
1.286823765241785100e+00
1.162326238567930714e+00
9.009883662158613138e-01
4.738825930287992594e-01
1.444610704001888513e+00
6.692949784492302490e-01
9.775172571367373164e-01
5.197528653367761153e-01
5.048747468901121360e-01
2.579469287608101569e-01
1.108619035274837961e+00
1.672446308921401892e+00
7.458577597578226470e-01
1.270084465555711084e+00
1.501685339915250994e+00
4.385762400743017930e-01
1.247340793365522060e+00
5.537798074255895209e-01
1.325636887104570283e+00
1.033147189177948011e+00
1.062280802944235436e+00
1.010858095822967373e+00
8.614862407029115765e-01
1.381104643811480903e+00
1.257199465611644307e+00
6.731715880215112247e-01
1.020362458308629261e+00
6.934421349832478043e-01
6.379262456192145159e-01
1.649332013227550853e+00
1.088314084595106257e+00
1.411332926397788290e+00
4.116567574005680630e-01
1.118545024119474096e+00
1.238711353223630462e+00
9.202019709507498479e-01
1.639784058691353907e+00
6.662272370815776057e-01
5.081104225462632629e-01
6.366888771723133722e-01
4.148541067056735199e-01
1.928325825827722273e+00
1.810221927501874495e+00
1.600470398133824856e+00
1.822965966814818151e+00
1.458663605150540166e+00
1.457197548139812282e+00
8.093068954533670922e-01
1.788674100093621711e+00
3.486559976087731938e-01
4.173521119464209117e-01
8.653376135020306448e-01
1.883936138648350855e+00
1.098667977466577295e+00
1.491730682503852878e-01
1.543961993640022623e+00
6.281745480753686550e-01
5.150941341878558788e-01
5.204588042717249730e-01
8.197910897729272506e-01
5.359029541993586276e-01
1.049072696664901994e+00
1.071920536387183320e+00
1.336109048526664012e+00
9.812625064041888834e-01
1.812700874812901208e+00
7.896948269990227143e-01
1.063604520437671841e+00
1.891802811245085092e+00
4.400026007816315587e-01
2.934091043086222150e-01
2.417561437339343366e-01
1.907903422116975056e+00
1.040858308915049379e+00
1.821238628050447506e-01
1.172326071790851243e-01
1.039918110566715237e+00
6.438127684711323351e-01
8.009286642106215881e-01
1.352786811386759380e+00
1.067655628324245098e+00
1.570189335271698627e-01
6.443646603047462618e-01
7.827387558255100020e-01
8.127580093994383192e-01
6.278819903305155048e-01
1.062496776206295346e+00
9.217228739218346067e-01
4.964907932360158593e-01
1.039469929932284487e+00
5.746742538904555664e-01
4.986403849560975821e-01
9.431915064846696506e-01
7.177673869938544504e-01
7.055013547036127486e-01
1.733276593657088860e+00
7.147109333787681207e-01
1.645772823634444437e+00
6.335548531060101185e-01
1.312138331741023345e+00
1.066619931669766097e-01
3.917542117718139094e-01
1.058502407668490131e+00
4.495016110368921236e-01
5.860527378804215592e-01
6.643637500926562467e-01
2.819508693386737486e-01
1.090038409797027708e+00
9.870003441016749202e-01
1.485300020249251896e+00
9.343743824267379816e-01
1.980925678944951640e+00
1.407300520639936714e+00
9.561504011200104847e-01
7.445311541906702857e-01
1.101989631301594663e+00
1.011566730499667610e+00
8.571689241166176032e-01
1.165912783468870506e+00
8.698759333145031913e-01
1.147993709885086755e+00
8.885487493375426871e-01
1.454388236967686820e+00
3.339371743958433059e-01
9.275856612843668136e-01
1.341746939460754184e+00
1.156034218257697477e+00
6.887793693071292411e-01
8.992278834284379574e-01
1.072679727937157768e-01
4.115826898624105334e-01
1.280596302370208273e+00
2.839502672841514586e-01
3.122504786508501495e-01
5.203057080563451287e-01
5.237812552443518177e-01
8.579209169060222351e-01
1.345261251870740304e+00
3.457982095878164852e-01
1.020593128700147956e+00
1.477120336747973051e+00
1.739287115685700824e+00
4.418203735361126983e-01
1.376299689358105593e-01
1.343190984829674361e+00
9.611153788858235458e-01
1.263231668089275228e+00
5.833923693466182003e-01
5.411020855745855007e-01
1.339046556238717489e+00
6.194300129553506062e-01
1.122380612676037170e+00
8.273948062508457157e-01
8.406099699927307434e-01
6.017813181721048954e-01
2.646767656852692108e-01
8.933163795797183226e-01
2.233001163606571082e-01
3.594861957377361028e-01
1.081337837271810765e+00
2.872748690237292291e-01
1.703434984651670314e+00
9.520348934176829925e-01
7.386932066637861283e-01
2.037967584865672532e-01
1.368490315794435697e+00
9.024570439124253163e-01
1.052616157909322947e+00
3.353965790990450779e-01
1.657987592212247507e-01
4.987956174880872062e-01
1.806388962448674196e+00
7.119380797778664949e-01
9.752158158379958808e-01
1.103219349768034041e+00
7.560028481724718752e-01
1.711210060525430787e+00
9.429817346600901651e-01
1.691432126796321933e+00
3.639789642118022028e-01
1.598703577275448484e-01
5.329836540426465818e-01
1.244953124392190885e-01
5.669336145062716659e-01
6.936095707670575372e-01
3.597114661431764504e-01
2.503162133773428888e-01
8.371078950076791259e-01
1.874397178342916526e+00
7.665547741280132055e-01
8.719859347047352882e-01
6.922882588442644813e-01
9.659012029129803167e-01
6.568995155057167912e-01
1.068429317935552403e+00
3.205811416220116228e-01
8.974181230143262189e-01
1.160705748944558025e+00
1.465191170016270528e+00
8.606679245599309080e-01
7.283100582819564961e-01
1.390007942625956616e+00
2.893522854735793848e-01
1.701801754660460464e+00
1.536449013573621514e+00
7.144891088960434455e-01
1.772480072771020376e+00
5.122953760767054998e-01
9.068972875463523486e-01
1.891635755586088985e+00
1.182086080488359281e+00
1.450087714858713683e+00
4.726862613386958456e-01
1.224698075278325693e-01
7.223568162038108698e-01
1.011312547759219305e+00
1.259485153732788354e-01
2.855893367776541902e-01
1.161149684249188851e+00
1.935720948157639620e+00
4.058591695799185217e-01
4.308520826629915756e-01
1.357548255723438069e-01
1.846955216808753075e+00
1.553167830669054617e+00
